<?xml version="1.0" encoding="UTF-8" standalone="no"?>
<!DOCTYPE svg PUBLIC "-//W3C//DTD SVG 20010904//EN"
              "http://www.w3.org/TR/2001/REC-SVG-20010904/DTD/svg10.dtd">

<svg xmlns="http://www.w3.org/2000/svg"
     width="3.19444in" height="3.25in"
     viewBox="0 0 230 234">
  <path id="Sélection"
        fill="none" stroke="black" stroke-width="1"
        d="M 0.00,0.00
           C 0.00,0.00 230.00,0.00 230.00,0.00
             230.00,0.00 230.00,234.00 230.00,234.00
             230.00,234.00 0.00,234.00 0.00,234.00
             0.00,234.00 0.00,0.00 0.00,0.00 Z
           M 114.00,24.37
           C 110.23,25.25 107.13,26.37 105.17,30.04
             100.74,38.38 107.34,49.12 117.00,47.66
             131.00,45.54 130.64,23.90 114.00,24.37 Z
           M 91.00,66.00
           C 93.26,58.05 92.32,43.19 87.92,36.04
             86.12,33.12 80.09,28.40 76.39,29.68
             72.57,31.00 71.81,38.67 72.53,42.00
             74.57,51.36 82.92,61.28 91.00,66.00 Z
           M 139.00,66.00
           C 147.60,61.46 155.29,52.41 158.09,43.00
             159.19,39.33 158.45,32.12 154.61,30.13
             150.91,28.21 144.91,33.11 143.07,36.04
             140.33,40.40 138.08,50.82 138.08,56.00
             138.08,56.00 139.00,66.00 139.00,66.00 Z
           M 94.00,39.00
           C 94.00,39.00 95.91,52.00 95.91,52.00
             95.91,52.00 95.00,69.00 95.00,69.00
             95.00,69.00 108.00,73.00 108.00,73.00
             108.00,73.00 109.00,72.00 109.00,72.00
             109.00,72.00 107.54,63.00 107.54,63.00
             105.85,53.87 101.01,45.09 94.00,39.00 Z
           M 138.00,39.00
           C 126.61,44.65 123.51,60.60 122.00,72.00
             125.50,71.83 132.97,70.94 134.95,67.58
             135.75,66.08 134.99,57.45 134.95,55.00
             135.03,47.87 135.81,45.69 138.00,39.00 Z
           M 70.88,49.00
           C 69.63,52.48 70.16,54.40 70.88,58.00
             72.72,69.83 75.69,72.53 82.00,82.00
             82.00,82.00 85.00,82.00 85.00,82.00
             85.00,82.00 90.00,69.00 90.00,69.00
             78.45,61.67 78.54,58.34 70.88,49.00 Z
           M 161.00,49.00
           C 161.00,49.00 159.00,49.00 159.00,49.00
             156.29,54.03 153.05,58.85 148.91,62.83
             146.58,65.07 141.87,67.77 141.52,71.09
             141.22,74.00 144.54,79.44 146.00,82.00
             157.00,76.68 160.48,60.20 161.00,49.00 Z
           M 50.00,50.43
           C 45.53,52.19 42.23,55.01 41.36,60.00
             39.93,68.15 48.04,75.48 56.00,73.18
             69.82,69.19 66.83,48.03 50.00,50.43 Z
           M 175.00,50.40
           C 159.08,55.62 166.64,76.03 180.00,73.43
             189.62,71.56 192.82,60.01 185.78,53.28
             182.53,50.17 179.20,49.92 175.00,50.40 Z
           M 108.00,76.00
           C 108.00,76.00 93.00,72.00 93.00,72.00
             93.00,72.00 87.00,86.00 87.00,86.00
             94.57,91.04 94.41,91.13 103.00,94.00
             106.11,87.92 107.84,82.87 108.00,76.00 Z
           M 138.00,72.00
           C 138.00,72.00 123.00,76.00 123.00,76.00
             123.16,83.42 124.41,87.52 128.00,94.00
             128.00,94.00 144.00,86.00 144.00,86.00
             144.00,86.00 138.00,72.00 138.00,72.00 Z
           M 113.00,76.00
           C 113.00,76.00 107.00,95.00 107.00,95.00
             107.00,95.00 124.00,95.00 124.00,95.00
             124.00,95.00 118.18,77.81 118.18,77.81
             118.18,77.81 113.00,76.00 113.00,76.00 Z
           M 73.00,94.00
           C 72.50,92.39 72.54,91.78 71.41,90.32
             66.39,83.87 47.84,76.90 40.00,80.00
             40.00,80.00 53.99,91.00 53.99,91.00
             53.99,91.00 62.09,98.01 62.09,98.01
             62.09,98.01 73.00,94.00 73.00,94.00 Z
           M 191.00,79.00
           C 178.63,79.01 164.78,82.66 157.00,93.00
             159.79,94.67 165.66,98.74 168.91,98.07
             171.91,97.47 175.34,92.34 177.43,90.09
             177.43,90.09 191.00,79.00 191.00,79.00 Z
           M 211.00,84.00
           C 207.34,82.55 202.99,80.40 199.00,80.94
             189.52,82.23 178.37,91.86 174.00,100.00
             182.06,102.29 199.15,101.14 205.61,95.35
             208.68,92.61 210.09,87.88 211.00,84.00 Z
           M 57.00,100.00
           C 52.48,91.57 40.12,81.00 30.00,81.08
             26.15,81.11 23.45,82.55 20.00,84.00
             20.60,87.85 21.52,91.74 24.39,94.61
             30.70,100.92 48.71,102.36 57.00,100.00 Z
           M 85.00,88.00
           C 85.00,88.00 79.00,92.00 79.00,92.00
             79.00,92.00 88.00,109.00 88.00,109.00
             94.57,106.43 97.31,102.80 101.00,97.00
             93.22,93.96 91.64,93.60 85.00,88.00 Z
           M 147.00,88.00
           C 147.00,88.00 130.00,97.00 130.00,97.00
             133.56,102.60 136.51,106.79 143.00,109.00
             148.33,94.74 153.34,95.81 147.00,88.00 Z
           M 85.00,112.00
           C 84.06,108.00 80.59,97.66 75.91,97.01
             74.11,96.77 65.42,101.03 63.00,102.00
             63.00,102.00 67.00,117.00 67.00,117.00
             74.24,116.41 78.45,115.04 85.00,112.00 Z
           M 168.00,102.00
           C 165.02,100.94 157.19,96.66 155.04,96.99
             150.83,97.63 144.56,108.74 147.64,112.30
             150.23,115.30 160.09,116.82 164.00,117.00
             164.00,117.00 168.00,102.00 168.00,102.00 Z
           M 104.00,98.00
           C 101.49,101.95 99.48,104.62 95.99,107.82
             93.57,110.04 90.39,111.61 89.91,115.09
             89.91,115.09 89.91,126.00 89.91,126.00
             89.91,126.00 89.91,133.91 89.91,133.91
             90.55,136.39 102.68,148.47 105.17,149.27
             107.22,150.10 112.99,148.95 116.00,149.27
             118.73,149.13 123.43,150.32 125.70,149.27
             127.95,148.52 129.69,145.79 131.30,144.03
             136.26,138.60 140.18,137.82 140.84,132.96
             140.84,132.96 140.32,123.00 140.32,123.00
             141.28,110.26 140.78,114.02 132.09,104.99
             124.54,97.14 127.35,98.88 117.00,99.00
             110.33,99.07 110.33,98.83 104.00,98.00 Z
           M 64.00,117.00
           C 63.39,114.01 61.77,106.81 59.30,104.98
             56.90,103.23 51.05,104.86 48.00,104.98
             41.51,105.16 36.23,102.96 30.00,102.00
             38.03,112.97 50.94,116.99 64.00,117.00 Z
           M 201.00,102.00
           C 194.48,103.00 188.83,105.18 182.00,104.98
             179.13,104.87 173.94,103.39 171.65,104.98
             168.98,106.86 167.63,113.88 167.00,117.00
             179.92,116.99 193.06,112.83 201.00,102.00 Z
           M 27.00,112.48
           C 23.09,113.00 20.20,113.75 17.70,117.11
             11.66,125.23 17.99,136.42 28.00,135.85
             41.75,135.08 43.42,113.88 27.00,112.48 Z
           M 203.00,112.48
           C 186.76,115.04 189.60,136.29 204.00,135.86
             212.93,135.60 218.27,125.71 213.72,118.09
             211.25,113.95 207.53,112.75 203.00,112.48 Z
           M 86.00,116.00
           C 86.00,116.00 69.02,121.59 69.02,121.59
             69.02,121.59 68.00,128.00 68.00,128.00
             68.00,128.00 86.00,133.00 86.00,133.00
             87.16,126.54 87.58,122.48 86.00,116.00 Z
           M 163.00,128.00
           C 163.00,128.00 161.98,121.59 161.98,121.59
             161.98,121.59 145.00,116.00 145.00,116.00
             143.45,121.47 143.66,127.49 145.00,133.00
             145.00,133.00 163.00,128.00 163.00,128.00 Z
           M 63.00,131.00
           C 50.99,131.26 37.40,136.17 30.00,146.00
             30.00,146.00 39.00,144.32 39.00,144.32
             39.00,144.32 60.00,145.00 60.00,145.00
             60.00,145.00 63.00,131.00 63.00,131.00 Z
           M 68.00,131.00
           C 68.00,131.00 63.00,146.00 63.00,146.00
             63.00,146.00 77.00,153.00 77.00,153.00
             77.00,153.00 85.00,137.00 85.00,137.00
             85.00,137.00 68.00,131.00 68.00,131.00 Z
           M 163.00,131.00
           C 163.00,131.00 146.00,136.00 146.00,136.00
             146.64,140.10 150.08,151.47 155.09,151.71
             156.71,151.78 165.81,147.04 168.00,146.00
             168.00,146.00 163.00,131.00 163.00,131.00 Z
           M 201.00,146.00
           C 192.61,135.86 179.92,131.12 167.00,131.00
             167.00,131.00 171.00,145.00 171.00,145.00
             188.38,142.71 184.85,143.82 201.00,146.00 Z
           M 100.00,152.00
           C 98.29,146.17 93.41,141.56 88.00,139.00
             88.00,139.00 79.00,155.00 79.00,155.00
             79.00,155.00 83.00,160.00 83.00,160.00
             83.00,160.00 100.00,152.00 100.00,152.00 Z
           M 143.00,139.00
           C 137.59,141.56 132.71,146.17 131.00,152.00
             131.00,152.00 145.98,158.84 145.98,158.84
             148.48,158.72 150.16,156.41 149.85,154.00
             149.85,154.00 143.00,139.00 143.00,139.00 Z
           M 57.00,148.00
           C 47.01,146.68 36.11,146.36 27.10,151.80
             24.05,153.64 19.16,159.83 21.13,163.61
             23.10,167.39 30.39,167.92 34.00,166.94
             42.99,164.49 53.09,156.42 57.00,148.00 Z
           M 211.00,164.00
           C 210.09,160.63 208.97,156.87 206.59,154.21
             199.85,146.69 183.23,146.35 174.00,148.00
             177.28,156.36 189.94,166.19 199.00,167.39
             203.08,167.93 207.38,165.68 211.00,164.00 Z
           M 73.00,155.00
           C 70.44,153.34 65.21,149.66 62.09,150.13
             59.09,150.57 56.62,154.80 54.70,156.99
             48.72,163.77 44.76,164.23 40.00,169.00
             51.51,169.00 67.27,166.55 73.00,155.00 Z
           M 170.00,149.00
           C 167.24,149.96 160.24,152.20 159.34,155.21
             158.33,158.58 163.62,161.74 166.00,163.12
             172.57,166.96 183.55,170.95 191.00,168.00
             181.56,163.39 175.83,157.63 170.00,149.00 Z
           M 124.00,153.00
           C 124.00,153.00 107.00,153.00 107.00,153.00
             107.00,153.00 112.00,172.00 112.00,172.00
             112.00,172.00 119.00,172.00 119.00,172.00
             119.00,172.00 124.00,153.00 124.00,153.00 Z
           M 94.00,177.00
           C 96.10,176.11 106.14,172.55 106.96,171.42
             108.87,168.78 106.07,156.07 100.90,155.64
             97.23,155.34 90.29,160.16 87.00,162.00
             87.00,162.00 94.00,177.00 94.00,177.00 Z
           M 128.41,155.67
           C 125.29,157.98 121.37,167.84 124.03,171.42
             125.16,172.95 129.13,173.81 131.00,174.42
             132.62,174.95 134.88,175.93 136.59,175.32
             138.47,174.65 139.60,171.67 140.51,170.00
             141.41,168.34 143.06,165.97 142.90,164.04
             142.47,159.06 132.67,155.27 128.41,155.67 Z
           M 84.00,166.00
           C 74.23,173.64 70.26,187.00 70.00,199.00
             73.94,196.64 78.31,188.52 84.01,183.61
             86.05,181.86 89.19,179.88 89.30,176.91
             89.41,173.81 85.77,168.47 84.00,166.00 Z
           M 161.00,199.00
           C 159.50,187.49 157.63,172.00 146.00,166.00
             146.00,166.00 141.64,176.96 141.64,176.96
             141.64,176.96 146.97,183.92 146.97,183.92
             146.97,183.92 161.00,199.00 161.00,199.00 Z
           M 50.00,175.39
           C 34.09,180.57 41.51,201.85 57.00,197.57
             64.61,195.47 66.97,185.16 62.30,179.21
             59.13,175.17 54.70,174.80 50.00,175.39 Z
           M 175.00,175.34
           C 161.49,179.31 164.60,196.77 176.00,197.89
             191.07,199.36 193.81,181.68 183.00,176.17
             180.29,174.80 177.88,175.03 175.00,175.34 Z
           M 108.00,176.00
           C 105.00,176.46 97.77,177.91 96.01,180.51
             94.63,182.61 95.92,188.22 96.01,191.00
             96.18,199.66 94.63,201.32 94.00,209.00
             104.65,200.98 107.99,188.71 108.00,176.00 Z
           M 137.00,209.00
           C 136.31,200.58 134.78,199.99 134.99,190.00
             135.07,187.60 136.14,182.44 134.99,180.65
             133.04,177.70 125.33,176.30 122.00,176.00
             123.69,188.78 125.83,200.82 137.00,209.00 Z
           M 167.00,180.00
           C 167.00,180.00 166.00,180.00 166.00,180.00
             166.00,180.00 167.00,181.00 167.00,181.00
             167.00,181.00 167.00,180.00 167.00,180.00 Z
           M 92.00,183.00
           C 84.09,185.32 75.02,197.10 72.79,205.00
             71.76,208.63 72.20,215.67 75.65,217.99
             78.18,219.70 82.65,217.65 84.79,216.03
             90.95,211.39 91.99,200.14 92.00,193.00
             92.00,193.00 92.00,183.00 92.00,183.00 Z
           M 138.86,183.00
           C 138.36,190.95 137.49,189.39 138.86,198.00
             139.71,204.83 141.32,213.69 148.02,217.16
             150.00,218.19 153.24,219.44 155.30,217.99
             158.46,215.76 159.17,208.39 158.03,205.00
             155.19,196.55 147.59,185.93 138.86,183.00 Z
           M 116.00,200.77
           C 111.99,200.99 108.65,201.74 106.15,205.21
             101.09,212.22 105.00,223.12 114.00,223.88
             129.08,225.16 132.71,203.24 116.00,200.77 Z" />
</svg>
